1.47789
6.44907
17.9641
7.13822
2.28351
1.57465
1.42274
1.15189
1.16142
1.00989
0.93947
0.86513
0.81474
0.80021
0.84828
0.95501
0.92833
0.67625
0.77457
0.70907
0.71239
0.76780
0.68445
0.68419
0.79967
0.84671
0.55585
0.65883
0.58635
0.63482
0.59646
0.70962
0.52472
0.59266
0.63955
0.61664
0.53005
0.50757
0.52325
0.56054
0.74723
0.49302
0.55109
0.49658
0.45914
0.66271
0.51990
0.53622
0.54248
0.49575
0.48838
0.52351
0.53235
0.55425
0.47963
0.44904
0.47507
0.47479
0.48656
0.43472
0.52042
0.41735
0.41649
0.45108
0.34296
0.42487
0.31800
0.44614
0.28408
0.53406
0.43987
0.41711
0.37066
0.4099
0.35079
0.39836
0.44065
0.42280
0.52366
0.40624
0.34991
0.48982
0.41832
0.53458
0.37655
0.41333
0.45323
0.47054
0.47978
0.50956
0.32779
0.38818
0.36461
0.32365
0.38592
0.40873
0.38395
0.47839
0.45603
0.37691
0.40329
0.46126
0.34026
0.38891
0.52012
0.42754
0.41546
0.41244
0.40685
0.39413
0.36526
0.37859
0.35400
0.29702
0.31363
0.28362
0.28922
0.34190
0.34591
0.28911
0.31804
0.37142
0.25571
0.39783
0.33723
0.22700
0.32405
0.30923
0.32769
0.35494
0.31864
0.35511
0.29315
0.44125
0.40235
0.46931
0.28248
0.28106
0.30437
0.33196
0.35402
0.32374
0.29426
0.33624
0.23904
0.27941
0.32366
0.27645
0.32562
0.31046
0.31475
0.20638
0.28549
0.38185
0.27623
0.27202
0.32905
0.35137
0.29215
0.28281
0.26565
0.34178
0.29631
0.31472
0.30765
0.22707
0.36051
0.21347
0.33520
0.21545
0.32563
0.32957
0.31157
0.28924
0.31339
0.25845
0.31078
0.34346
0.38597
0.32700
0.39714
0.32480
0.33209
0.36714
0.33785
0.35492
0.39547
0.26046
0.30420
0.34252
0.24670
0.25902
0.32049
0.26070
0.32550
0.25940
0.26844
0.33256
0.31845
0.26366
0.39472
0.41052
0.22323
0.34273
0.27087
0.31109
0.2678
0.31944
0.28161
0.28610
0.22964
0.24809
0.31605
0.25222
0.38362
0.24814
0.29744
0.16615
0.17667
0.21624
0.32177
0.26331
0.28025
0.24960
0.24725
0.27257
0.23106
0.26915
0.19671
0.20302
0.28894
0.23390
0.31067
0.22100
0.19962
0.24518
0.22128
0.29323
0.23229
0.33670
0.24454
0.29950
0.21546
0.35257
0.15717
0.28499
0.23268
0.23413
0.18554
0.21915
0.22631
0.30959
0.28264
0.24813
0.28984
0.34591
0.23187
0.23274
0.30149
0.26275
0.27277
0.24304
0.24969
0.26380
0.28512
0.28269
0.21789
0.37459
0.28522
0.18049
0.17762
0.34391
0.25922
0.40909
0.18864
0.26886
0.30106
0.28925
0.27939
0.26080
0.21826
0.3131
0.24236
0.24122
0.27327
0.29400
0.26561
0.31680
0.31053
0.31013
0.20184
0.34724
0.25382
0.28865
0.31765
0.32484
0.23007
0.33055
0.34874
0.23136
0.25585
0.19227
0.32091
0.17957
0.32445
0.25381
0.19265
0.18680
0.24347
0.19403
0.22824
0.24565
0.29952
0.14879
0.14465
0.16098
0.20632
0.33576
0.18493
0.20035
0.20989
0.29302
0.18429
0.27449
0.24022
0.29474
0.30463
0.34831
0.32067
0.16345
0.26825
0.16831
0.19434
0.318
0.18127
0.21657
0.33645
0.16005
0.22606
0.26615
0.22664
0.21182
0.20698
0.25479
0.20596
0.20940
0.20603
0.18223
0.22968
0.21769
0.19112
0.22548
0.20239
0.18437
0.16863
0.29063
0.17384
0.20171
0.25651
0.24392
0.19673
0.19816
0.26824
0.27118
0.21061
0.20899
0.21621
0.19137
0.16621
0.20703
0.19258
0.16797
0.19976
0.20294
0.20158
0.17452
0.33092
0.12634
0.18109
0.22022
0.19418
0.22437
0.18518
0.24246
0.17267
0.18526
0.16395
0.26051
0.19337
0.17708
0.16126
0.24619
0.19091
0.22690
0.17003
0.19886
0.24357
0.16288
0.20830
0.12920
0.22971
0.21795
0.15926
0.15428
0.16757
0.22375
0.24915
0.19374
0.15566
0.17320
0.20851
0.16426
0.12795
0.27552
0.30406
0.19544
0.18586
0.22126
0.18416
0.18764
0.17667
0.2347
0.18266
0.17142
0.21475
0.20368
0.14675
0.19784
0.30032
0.17813
0.22500
0.20163
0.19043
0.20694
0.18985
0.11503
0.18449
0.25235
0.23725
0.27523
0.20683
0.22824
0.19112
0.14223
0.18992
0.22455
0.17344
0.15916
0.1855
0.23816
0.13706
0.13642
0.17932
0.24410
0.18260
0.20362
0.16202
0.22184
0.33919
0.14698
0.23050
0.21661
0.18013
0.26999
0.18085
0.24937
0.29056
0.15988
0.15094
0.30123
0.25541
0.15911
0.17455
0.32239
0.20126
0.27390
0.22022
0.19461
0.18849
0.21989
0.22578
0.19602
0.23272
0.22823
0.23730
0.21956
0.15420
0.21352
0.16994
0.18850
0.16315
0.16459
0.13706
0.15644
0.26283
0.16028
0.11947
0.32565
0.15429
0.13214
0.17591
0.23580
0.20255
0.20573
0.30449
0.18172
0.19615
0.20046
0.17052
0.20034
0.23430
0.30504
0.19933
0.21953
0.23078
0.14907
0.15968
0.29567
0.23977
0.20194
0.15496
0.25621
0.19633
0.18115
0.25426
0.15705
0.15973
0.22851
0.14067
0.18138
0.17903
0.19684
0.15355
0.21616
0.14833
0.22463
0.17363
0.21627
0.14447
0.14969
0.21500
0.20950
0.19630
0.15518
0.14519
0.17609
0.23604
0.19387
0.11603
0.13437
0.13117
0.10978
0.24114
0.17400
0.22163
0.16982
0.18462
0.10554
0.15946
0.19838
0.20378
0.22631
0.25822
0.21119
0.21285
0.16226
0.21251
0.20124
0.2055
0.21069
0.16491
0.15944
0.18599
0.12673
0.15678
0.18458
0.16498
0.22409
0.16626
0.21028
0.19137
0.17117
0.13692
0.19914
0.21558
0.20340
0.18969
0.20841
0.35560
0.12283
0.13880
0.21007
0.19401
0.25601
0.21802
0.18386
0.231
0.27112
0.19176
0.19909
0.22368
0.16157
0.18783
0.23834
0.24374
0.12707
0.13450
0.18217
0.12788
0.19478
0.11538
0.11696
0.23347
0.18139
0.24871
0.15699
0.1579
0.19196
0.18086
0.19107
0.27686
0.30101
0.16510
0.17378
0.29081
0.25349
0.17183
0.19728
0.23235
0.16258
0.20464
0.17556
0.19058
0.19358
0.20339
0.18954
0.22003
0.24233
0.19986
0.17311
0.15273
0.15535
0.24161
0.18286
0.19170
0.19788
0.19422
0.09920
0.21967
0.16095
0.14168
0.14143
0.18730
0.10701
0.15973
0.23886
0.24214
0.12215
0.17764
0.21874
0.13799
0.15566
0.13248
0.17411
0.20819
0.16416
0.11488
0.17936
0.23469
0.15870
0.15555
0.18407
0.22572
0.18323
0.16796
0.22346
0.21763
0.17261
0.16645
0.12440
0.23043
0.14350
0.16324
0.09086
0.18733
0.22138
0.13774
0.15479
0.17974
0.24313
0.17442
0.24795
0.11348
0.16315
0.17989
0.12106
0.13718
0.15641
0.15968
0.09583
0.14638
0.15866
0.16411
0.10927
0.13739
0.11561
0.16319
0.15461
0.09351
0.11467
0.17819
0.16317
0.09901
0.16484
0.11632
0.13228
0.24524
0.23246
0.20108
0.17591
0.17445
0.21275
0.09120
0.10437
0.26443
0.13091
0.12679
0.09367
0.22476
0.15412
0.20045
0.14823
0.21662
0.19218
0.09137
0.14137
0.16144
0.24396
0.10345
0.25953
0.21197
0.15371
0.18642
0.18852
0.17358
0.14705
0.13063
0.13287
0.17824
0.12861
0.16340
0.22382
0.13763
0.12227
0.15967
0.19384
0.11518
0.16114
0.11713
0.22931
0.13273
0.13586
0.16001
0.11645
0.11466
0.12152
0.14041
0.17769
0.20029
0.26725
0.20695
0.23441
0.15858
0.18224
0.1523
0.20000
0.26994
0.11958
0.15919
0.25741
0.13808
0.19522
0.12854
0.10601
0.12175
0.19830
0.08835
0.18894
0.19444
0.15216
0.15976
0.13718
0.16017
0.15947
0.18476
0.16421
0.16664
0.14850
0.12797
0.13592
0.17615
0.09562
0.12434
0.12701
0.12036
0.15485
0.17618
0.11471
0.11494
0.10783
0.1555
0.12809
0.12369
0.15163
0.14962
0.11673
0.09121
0.13369
0.17577
0.25001
0.16814
0.12733
0.15085
0.14881
0.17509
0.12428
0.15390
0.17176
0.07911
0.08632
0.13972
0.13165
0.12402
0.11647
0.07947
0.09384
0.21751
0.07273
0.16374
0.13577
0.2111
0.10596
0.11245
0.10362
0.12177
0.14700
0.12168
0.06640
0.07206
0.16212
0.13346
0.17501
0.14199
0.13137
0.13676
0.16953
0.18112
0.11392
0.13522
0.14729
0.16314
0.18123
0.15893
0.11408
0.12913
0.09878
0.10018
0.09185
0.10537
0.12371
0.15148
0.15142
0.11930
0.13147
0.17496
0.13513
0.10013
0.08816
0.07755
0.14305
0.10396
0.09334
0.11720
0.13665
0.14783
0.09994
0.14120
0.18828
0.15608
0.16156
0.10241
0.09887
0.12276
0.11272
0.10972
0.04914
0.12146
0.14314
0.08915
0.14901
0.11409
0.14171
0.10228
0.13435
0.13490
0.09310
0.16048
0.17031
0.13183
0.13410
0.14633
0.14684
0.14366
0.14326
0.08273
0.13270
0.14496
0.09594
0.11672
0.15649
0.04134
0.15419
0.18046
0.13768
0.10788
0.17598
0.12486
0.15777
0.07416
0.11717
0.17271
0.11054
0.10371
0.17078
0.15603
0.10471
0.11501
0.11761
0.11969
0.10791
0.12108
0.10989
0.07378
0.11768
0.09615
0.08524
0.15586
0.12261
0.14222
0.17029
0.09004
0.11888
0.06645
0.16222
0.11205
0.10821
0.07478
0.10774
0.15329
0.11428
0.10518
0.12050
0.09395
0.10037
0.13876
0.11364
0.12092
0.07538
0.18476
0.10643
0.04885
0.11370
0.10824
0.08311
0.14063
0.08588
0.17356
0.15837
0.17841
0.14072
0.09211
0.16458
0.1303
0.10267
0.11777
0.14395
0.11424
0.10406
0.09865
0.16195
0.15016
0.11883
0.06759
0.13802
0.10689
0.09921
0.15701
0.15466
0.13335
0.14687
0.09612
0.12152
0.08420
0.12403
0.13290
0.19034
0.18782
0.14490
0.19648
0.20949
0.21889
0.26025
0.20860
0.17495
0.28073
0.21176
0.25837
0.22745
0.09321
0.17083
0.08777
0.12430
0.16272
0.08975
0.15499
0.15813
0.14232
0.09311
0.08668
0.15032
0.10243
0.08019
0.07822
0.10926
0.13383
0.13268
0.07392
0.09915
0.07434
0.10458
0.10539
0.08932
0.09866
0.11187
0.08998
0.10796
0.07412
0.10809
0.09408
0.09651
0.05451
0.10625
0.06093
0.08853
0.07252
0.06101
0.05540
0.05442
0.12602
0.04408
0.08129
0.10526
0.07737
0.10324
0.08992
0.10581
0.08051
0.07608
0.15022
0.05266
0.08751
0.09307
0.05632
0.10166
0.07893
0.06266
0.10139
0.11012
0.10590
0.08161
0.07759
0.06038
0.09011
0.09567
0.09007
0.05709
0.06548
0.06041
0.07092
0.05672
0.06525
0.09477
0.10352
0.07314
0.05952
0.05325
0.08170
0.04730
0.08988
0.03275
0.11677
0.05661
0.05409
0.06127
0.08581
0.05850
0.08190
0.04382
0.07072
0.04292
0.05721
0.06427
0.07639
0.07870
0.06762
0.07284
0.09944
0.07798
0.12848
0.09463
0.11392
0.05820
0.09257
0.07441
0.06456
0.02819
0.06281
0.04713
0.10490
0.10285
0.07585
0.07572
0.09121
0.06365
0.05623
0.05220
0.11926
0.08643
0.05972
0.10526
0.05474
0.07862
0.04437
0.05944
0.05361
0.06999
0.06309
0.05156
0.07689
0.07538
0.04905
0.07239
0.07909
0.05949
0.06969
0.06586
0.03754
0.06304
0.06954
0.05480
0.04372
0.09217
0.03541
0.04563
0.05890
0.11720
0.10104
0.09859
0.08881
0.06201
0.06801
0.12505
0.03267
0.02875
0.07311
0.07768
0.04967
0.07045
0.04632
0.06212
0.08627
0.10351
0.05136
0.03887
0.11543
0.06521
0.04048
0.035
0.03330
0.07995
0.05519
0.06819
0.05017
0.05479
0.06805
0.08486
0.04829
0.05269
0.03671
0.06668
0.05089
0.06181
0.07771
0.03988
0.03610
0.05682
0.06573
0.09087
0.08051
0.07423
0.05003
0.03837
0.07698
0.07562
0.04579
0.06822
0.04012
0.05406
0.03304
0.06879
0.07048
0.04480
0.05894
0.05149
0.05290
0.07933
0.04938
0.06335
0.05739
0.07567
0.04087
0.09952
0.06984
0.03739
0.04843
0.07166
0.04857
0.05808
0.04114
0.03554
0.06014
0.03078
0.03963
0.06239
0.04476
0.06214
0.01757
0.07282
0.04892
0.03431
0.05926
0.05286
0.02597
0.01170
0.06422
0.05529
0.04743
0.06492
0.05867
0.04753
0.04990
0.02305
0.07478
0.05194
0.05059
0.02117
0.03592
0.08380
0.06475
0.02516
0.04955
0.05922
0.06766
0.03711
0.02478
0.06822
0.03864
0.04838
0.02274
0.05407
0.03514
0.01895
0.07143
0.08219
0.04127
0.07589
0.05690
0.04001
0.04841
0.05500
0.06976
0.03634
0.05453
0.03749
0.04027
0.02805
0.04356
0.03230
0.02567
0.03979
0.05918
0.02146
0.05929
0.04143
0.05421
0.01964
0.03727
0.03576
0.04688
0.04171
0.03098
0.02264
0.07544
0.04378
0.03848
0.04975
0.06125
0.01130
0.05946
0.05228
0.05705
0.08133
0.04145
0.06874
0.04941
0.08131
0.04481
0.00975
0.08122
0.06379
0.03229
0.02670
0.04068
0.05379
0.04961
0.04587
0.06985
0.03817
0.06873
0.06992
0.03918
0.07419
0.05361
0.04667
0.03312
0.04185
0.02623
0.05139
0.05024
0.05536
0.03304
0.03456
0.04346
0.03117
0.02082
0.05087
0.03719
0.04666
0.04381
0.02691
0.03879
0.04458
0.03294
0.06515
0.05305
0.04942
0.02839
0.04658
0.02374
0.03021
0.04322
0.08838
0.03006
0.03401
0.02584
0.02164
0.03046
0.06011
0.04851
0.02458
0.04084
0.05235
0.02283
0.04000
0.03274
0.02723
0.05587
0.03029
0.02275
0.07936
0.03873
0.05892
0.04812
0.02791
0.04578
0.05262
0.02769
0.02512
0.03177
0.06465
0.04925
0.01834
0.02101
0.02957
0.03938
0.03558
0.0404
0.06994
0.01562
0.02764
0.02108
0.02396
0.07310
0.04949
0.02619
0.02116
0.03663
0.04442
0.05382
0.05919
0.06111
0.05116
0.02020
0.04815
0.03706
0.03176
0.06779
0.03468
0.05557
0.04254
0.02972
0.02642
0.04431
0.05735
0.03310
0.05673
0.03466
0.06670
0.04843
0.04683
0.06337
0.02556
0.04095
0.04796
0.03431
0.02791
0.01440
0.02279
0.03892
0.03572
0.03899
0.02766
0.03191
0.01480
0.03429
0.03112
0.02801
0.03852
0.03124
0.04629
0.05411
0.02976
0.01861
0.06512
0.03938
0.04274
0.06441
0.03543
0.03433
0.03255
0.02375
0.02201
0.04540
0.04726
0.02763
0.06270
0.02757
0.01952
0.02439
0.02265
0.02588
0.04633
0.03533
0.02788
0.06189
0.02842
0.02431
0.02006
0.03277
0.07797
0.06999
0.04436
0.02997
0.05994
0.02639
0.05335
0.03513
0.04313
0.01599
0.02341
0.03064
0.01881
0.01534
0.02855
0.01923
0.03726
0.02303
0.01944
0.03187
0.02687
0.02905
0.02431
0.03425
0.04658
0.01927
0.02897
0.03112
0.05549
0.03503
0.01920
0.02836
0.03641
0.01751
0.00900
0.02616
0.02798
0.05444
0.05425
0.04100
0.03876
0.00915
0.03281
0.02184
0.01642
0.04742
0.04558
0.04125
0.01636
0.04667
0.01918
0.03748
0.03823
0.06305
0.04486
0.03055
0.07229
0.05976
0.03289
0.04377
0.01964
0.04615
0.02684
0.02491
0.01695
0.02428
0.03671
0.02232
0.01680
0.02971
0.00910
0.02511
0.03435
0.02969
0.01856
0.07270
0.04026
0.03178
0.04266
0.03026
0.03032
0.05147
0.02093
0.02005
0.02785
0.02324
0.01541
0.04496
0.04152
0.07204
0.03435
0.02571
0.04730
0.03081
0.03740
0.01516
0.02290
0.02809
0.04871
0.06425
0.01386
0.03362
0.02586
0.04736
0.02497
0.03452
0.01889
0.01871
0.02167
0.05381
0.06180
0.07473
0.01827
0.02230
0.02251
0.02250
0.02165
0.03743
0.02243
0.03926
0.00798
0.03595
0.02232
0.03438
0.02154
0.03440
0.04190
0.04026
0.02223
0.01751
0.03504
0.01904
0.03321
0.02468
0.01969
0.04754
0.04036
0.01712
0.03301
0.03054
0.04110
0.05106
0.05100
0.02867
0.02416
0.02625
0.03029
0.00713
0.02558
0.03496
0.02870
0.03540
0.01915
0.03052
0.04979
0.03638
0.02706
0.03019
0.02202
0.03027
0.02090
0.01627
0.05283
0.01474
0.01942
0.04824
0.04325
0.02038
0.05196
0.01710
0.02021
0.03672
0.01843
0.01892
0.01577
0.02619
0.03801
0.02463
0.05081
0.03963
0.04301
0.02808
0.05576
0.02989
0.01559
0.01697
0.01573
0.01483
0.01198
0.03219
0.03255
0.05370
0.05322
0.04706
0.04641
0.04427
0.02149
0.02123
0.02686
0.03233
0.05135
0.02885
0.02485
0.02426
0.01396
0.04165
0.05117
0.02688
0.01488
0.01915
0.04646
0.03494
0.02421
0.02162
0.04192
0.04829
0.03164
0.00971
0.01867
0.03839
0.04185
0.01529
0.02385
0.01789
0.04106
0.01336
0.02565
0.02242
0.01351
0.03471
0.04258
0.01280
0.03114
0.05355
0.01515
0.03133
0.02010
0.02764
0.01376
0.04307
0.01294
0.04103
0.02451
0.04130
0.03293
0.02963
0.03120
0.03885
0.01839
0.04231
0.02696
0.02132
0.02925
0.01104
0.01295
0.02410
0.01219
0.01707
0.04250
0.03083
0.02599
0.00953
0.03933
0.04505
0.02029
0.06406
0.02813
0.02824
0.01022
0.02615
0.05097
0.03071
0.02519
0.01658
0.05358
0.00902
0.03817
0.02540
0.02398
0.02674
0.03437
0.01462
0.02828
0.04506
0.02792
0.03197
0.01857
0.02633
0.01023
0.02881
0.02771
0.02707
0.01583
0.02922
0.01734
0.02582
0.03817
0.02104
0.01181
0.01402
0.01727
0.02551
0.02385
0.02354
0.03749
0.01684
0.02350
0.03628
0.03109
0.04244
0.02804
0.02552
0.02360
0.02031
0.02727
0.03575
0.03304
0.04241
0.03167
0.01831
0.01161
0.05989
0.01308
0.00730
0.00995
0.01060
0.00970
0.02443
0.01103
0.02398
0.03094
0.01325
0.01538
0.02504
0.03273
0.03083
0.02854
0.03000
0.01924
0.01504
0.01750
0.02505
0.01575
0.04690
0.03502
0.01464
0.02461
0.03331
0.03371
0.02289
0.02363
0.01347
0.05036
0.03325
0.02682
0.03611
0.01241
0.00727
0.01853
0.03072
0.01962
0.03297
0.01305
0.01943
0.01862
0.02563
0.01904
0.01117
0.03694
0.01423
0.03551
0.01167
0.01386
0.03085
0.01440
0.03151
0.06282
0.02296
0.01361
0.01637
0.00957
0.02619
0.02483
0.01365
0.03590
0.03286
0.02899
0.01345
0.02740
0.00648
0.02454
0.01204
0.01836
0.04886
0.04095
0.00279
0.01122
0.01824
0.01684
0.03437
0.01932
0.01065
0.01769
0.01768
0.01658
0.01969
0.02018
0.04028
0.01583
0.02560
0.01706
0.01119
0.01665
0.06950
0.03030
0.02089
0.02949
0.04045
0.02328
0.01713
0.01834
0.04967
0.04339
0.00902
0.01778
0.01599
0.02113
0.02327
0.02693
0.00779
0.00861
0.01672
0.02292
0.03084
0.01455
0.01332
0.02248
0.03578
0.01928
0.02795
0.02422
0.01653
0.01711
0.00967
0.02713
0.03532
0.01119
0.01643
0.02253
0.02650
0.03694
0.04186
0.01260
0.03936
0.01343
0.02259
0.02520
0.02257
0.03102
0.03118
0.03519
0.02747
0.01420
0.02138
0.02195
0.02317
0.01614
0.01994
0.01314
0.01720
0.02463
0.01218
0.01325
0.02200
0.02951
0.00657
0.00917
0.01213
0.02839
0.02685
0.02330
0.00638
0.00850
0.00243
0.03531
0.03158
0.03269
0.03177
0.02846
0.02077
0.02154
0.01674
0.00771
0.02026
0.02253
0.01855
0.01998
0.02244
0.01519
0.02508
0.02207
0.04420
0.03492
0.02470
0.01527
0.02181
0.01575
0.04748
0.00832
0.02253
0.02241
0.01743
0.01424
0.01403
0.01384
0.03290
0.04750
0.00589
0.02115
0.01409
0.03306
0.03780
0.01633
0.02435
0.02934
0.00494
0.03718
0.01005
0.01917
0.02820
0.01393
0.01821
0.00819
0.02615
0.03371
0.00709
0.00883
0.03074
0.00877
0.02324
0.00954
0.03303
0.03770
0.03404
0.00815
0.01910
0.01794
0.01140
0.01441
0.01340
0.03104
0.01262
0.02096
0.02298
0.03718
0.01276
0.00710
0.00941
0.01045
0.04084
0.01053
0.02861
0.03687
0.02709
0.00718
0.01040
0.01157
0.01529
0.01861
0.03726
0.03020
0.00908
0.02937
0.02292
0.02318
0.03955
0.01103
0.01202
0.01310
0.01838
0.01668
0.02004
0.02050
0.03187
0.01535
0.01276
0.00874
0.02808
0.02242
0.01972
0.02624
0.02342
0.04198
0.04361
0.02136
0.01573
0.01961
0.02153
0.01652
0.03153
0.03000
0.01566
0.00729
0.01132
0.01351
0.01950
0.04320
0.01495
0.03064
0.01022
0.01674
0.00438
0.03073
0.02386
0.03475
0.00441
0.02517
0.00894
0.03066
0.03914
0.00554
0.01391
0.01263
0.02554
0.03416
0.01085
0.00859
0.02783
0.01603
0.00919
0.03847
0.02753
0.01088
0.01104
0.01495
0.01274
0.03674
0.00532
0.02633
0.02575
0.04668
0.00737
0.02635
0.04234
0.04238
0.06053
0.01736
0.00514
0.04984
0.02277
0.02362
0.01524
0.01881
0.01039
0.01552
0.01721
0.01193
0.03165
0.03547
0.03556
0.02803
0.01356
0.01885
0.01539
0.01773
0.02089
0.01697
0.00797
0.02450
0.01654
0.01522
0.01577
0.01911
0.03141
0.02124
0.02644
0.02294
0.01501
0.02966
0.01197
0.00700
0.01964
0.01804
0.01501
0.01000
0.03917
0.00909
0.00540
0.01071
0.03668
0.01824
0.01443
0.01562
0.00841
0.02094
0.03677
0.00977
0.01351
0.02769
0.02780
0.02378
0.02595
0.01459
0.02039
0.02216
0.01337
0.03403
0.04291
0.03248
0.02851
0.01040
0.00853
0.02056
0.04002
0.00804
0.00742
0.03082
0.00851
0.01029
0.01322
0.00904
0.00636
0.04494
0.01956
0.04429
0.02889
0.00602
0.03743
0.01273
0.03285
0.03131
0.01422
0.0288
0.03104
0.02039
0.01798
0.01063
0.02255
0.01563
0.07054
0.02092
0.00734
0.02332
0.03489
0.01029
0.02340
0.01645
0.05837
0.01839
0.00648
0.00790
0.01216
0.01189
0.02444
0.01942
0.00327
0.01319
0.01580
0.01093
0.00791
0.03395
0.00679
0.01977
0.01054
0.02196
0.02922
0.01952
0.02587
0.03709
0.01725
0.01296
0.02308
0.02289
0.02304
0.01851
0.03091
0.02458
0.02497
0.02036
0.05471
0.01728
0.01925
0.00678
0.02759
0.01745
0.03747
0.01189
0.01412
0.02835
0.01671
0.03630
0.01997
0.02646
0.02422
0.01295
0.01053
0.01403
0.02454
0.01892
0.02650
0.01469
0.03286
0.02576
0.02799
0.02045
0.02296
0.03633
0.00965
0.00653
0.01282
0.00943
0.02933
0.03283
0.03907
0.01870
0.00938
0.03820
0.02102
0.01652
0.01561
0.00834
0.01959
0.00629
0.02017
0.01331
0.04586
0.02207
0.03242
0.03633
0.03543
0.01381
0.01756
0.01166
0.01868
0.01712
0.00661
0.01437
0.03033
0.01343
0.04469
0.01481
0.02846
0.00798
0.01191
0.01291
0.01225
0.03852
0.03610
0.01728
0.00435
0.04214
0.01773
0.02472
0.00512
0.02596
0.03068
0.02952
0.03216
0.01161
0.03211
0.01494
0.03348
0.01800
0.01711
0.02645
0.01477
0.00652
0.01485
0.01171
0.01996
0.01649
0.02904
0.01419
0.01952
0.00880
0.01295
0.01325
0.02444
0.00896
0.02364
0.01481
0.02186
0.01366
0.01579
0.02087
0.02267
0.03507
0.00838
0.01994
0.00900
0.00848
0.00844
0.01433
0.02303
0.02408
0.00728
0.01792
0.01769
0.01300
0.02185
0.02874
0.01459
0.03503
0.01704
0.0183
0.01925
0.01350
0.00693
0.02684
0.02987
0.03723
0.02930
0.04637
0.01683
0.01257
0.01807
0.01881
0.01709
0.00939
0.03173
0.01172
0.00949
0.01930
0.03147
0.00992
0.02094
0.01756
0.03203
0.03102
0.02858
0.00900
0.01229
0.01927
0.02173
0.00580
0.02761
0.00678
0.00758
0.01164
0.00337
0.01313
0.01274
0.01404
0.00700
0.02301
0.01043
0.01096
0.00551
0.01070
0.01287
0.01138
0.02396
0.02758
0.04176
0.03457
0.02488
0.01641
0.01987
0.02274
0.03569
0.05764
0.01691
0.01486
0.02431
0.01601
0.03289
0.03711
0.01619
0.02769
0.01132
0.03077
0.01933
0.00874
0.02733
0.01709
0.01865
0.01033
0.02312
0.01527
0.06047
0.05726
0.03329
0.02978
0.01677
0.02332
0.00569
0.02334
0.01291
0.04638
0.01347
0.01213
0.02304
0.04061
0.01786
0.05006
0.00817
0.01265
0.00416
0.01537
0.01655
0.02457
0.01622
0.01718
0.01448
0.02347
0.01290
0.03334
0.01915
0.01487
0.03612
0.02177
0.02716
0.01192
0.02787
0.00555
0.03006
0.01127
0.01598
0.03949
0.00765
0.01069
0.00956
0.03035
0.01083
0.01631
0.01531
0.04005
0.04389
0.01014
0.01158
0.01411
0.07210
0.01161
0.01692
0.00822
0.02426
0.03123
0.02059
0.04718
0.02837
0.01751
0.00965
0.02249
0.01192
0.01357
0.02209
0.01717
0.04064
0.01304
0.00837
0.00774
0.02188
0.02074
0.05168
0.00872
0.01922
0.00924
0.01757
0.01379
0.01747
0.01531
0.03925
0.01241
0.01409
0.03989
0.00625
0.01526
0.01620
0.01536
0.02956
0.01628
0.02113
0.01301
0.00935
0.02008
0.00528
0.01668
0.02309
0.00429
0.03768
0.01307
0.00891
0.01344
0.04221
0.03489
0.04113
0.02310
0.03871
0.02402
0.01217
0.02924
0.02904
0.02532
0.03487
0.00552
0.02348
0.02026
0.01393
0.00994
0.00736
0.02540
0.02129
0.01971
0.00609
0.02535
0.01604
0.02364
0.02325
0.02425
0.04581
0.01238
0.02895
0.01285
0.00751
0.04243
0.01268
0.01604
0.03086
0.01684
0.02124
0.00756
0.02989
0.01546
0.01236
0.03141
0.01696
0.02805
0.02843
0.01288
0.02180
0.01461
0.02073
0.02037
0.01779
0.02639
0.02250
0.02738
0.02642
0.02129
0.02609
0.02263
0.01041
0.01035
0.01627
0.01098
0.00737
0.03407
0.01632
0.01678
0.02196
0.01058
0.01672
0.00877
0.01598
0.01795
0.01468
0.02375
0.00776
0.01159
0.01276
0.01919
0.01485
0.00981
0.01076
0.01670
0.01159
0.01791
0.01664
0.01359
0.02165
0.02244
0.02751
0.02007
0.01257
0.01279
0.02526
0.01629
0.01487
0.01785
0.02030
0.01352
0.01238
0.01516
0.00989
0.00683
0.00856
0.03690
0.03408
0.0271
0.02487
0.01064
0.02620
0.01318
0.01893
0.00864
0.01619
0.00734
0.01688
0.01460
0.00491
0.01181
0.05658
0.02051
0.01289
0.01027
0.00615
0.02498
0.02276
0.01353
0.01062
0.02047
0.01267
0.05136
0.01189
0.01347
0.01639
0.02489
0.01900
0.03405
0.01250
0.01337
0.01948
0.05049
0.01917
0.02870
0.02084
0.01019
0.00643
0.01798
0.00916
0.01624
0.00653
0.01550
0.02805
0.03708
0.01423
0.01794
0.03312
0.02064
0.00928
0.03420
0.01061
0.02791
0.01555
0.00915
0.01697
0.05929
0.01258
0.01802
0.00673
0.01848
0.01921
0.00732
0.01767
0.00400
0.00766
0.02983
0.02694
0.02088
0.02292
0.01915
0.01084
0.01297
0.00703
0.01557
0.00433
0.00737
0.01681
0.00654
0.02841
0.02356
0.01439
0.01644
0.05558
0.02495
0.01319
0.03210
0.01798
0.00867
0.01851
0.02474
0.01574
0.00801
0.01017
0.00665
0.02606
0.00944
0.00702
0.00725
0.03847
0.03648
0.00786
0.01058
0.01511
0.01238
0.03366
0.01450
0.00814
0.01119
0.01208
0.01123
0.02101
0.01655
0.01795
0.00318
0.02874
0.01530
0.02119
0.03452
0.02707
0.01794
0.01665
0.01280
0.01627
0.01170
0.03162
0.01202
0.00706
0.01152
0.04364
0.00745
0.00935
0.01802
0.00624
0.00831
0.01379
0.02358
0.01807
0.04382
0.01442
0.02041
0.02476
0.01333
0.01102
0.01565
0.02466
0.01779
0.01608
0.01471
0.01546
0.01024
0.04415
0.01090
0.01218
0.01148
0.02062
0.00952
0.01194
0.01587
0.01931
0.01443
0.00809
0.01917
0.03658
0.00460
0.00693
0.00491
0.00482
0.02008
0.02411
0.00579
0.01187
0.03602
0.00860
0.01412
0.02906
0.00933
0.01017
0.02096
0.01923
0.01561
0.00860
0.00906
0.03605
0.03037
0.01915
0.01744
0.04613
0.01636
0.05055
0.01171
0.00421
0.01909
0.01147
0.02560
0.01242
0.01760
0.02164
0.01431
0.01544
0.01411
0.00467
0.02658
0.05317
0.02279
0.05351
0.01470
0.01793
0.01094
0.03232
0.03608
0.02529
0.01362
0.02621
0.01939
0.01589
0.00690
0.01297
0.02092
0.00682
0.01797
0.01028
0.0518
0.01704
0.01577
0.02352
0.04047
0.01658
0.01861
0.01367
0.01850
0.00894
0.05902
0.01948
0.02213
0.01155
0.00620
0.02088
0.01327
0.00620
0.04130
0.01889
0.00929
0.02152
0.01127
0.04681
0.01412
0.01979
0.03962
0.01930
0.01541
0.00991
0.00807
0.02241
0.04670
0.01270
0.02140
0.04116
0.03218
0.02667
0.00801
0.06809
0.04113
0.03517
0.01327
0.00518
0.01301
0.01617
0.00846
0.03543
0.00742
0.01857
0.00831
0.01210
0.02608
0.01435
0.01222
0.02897
0.01501
0.01357
0.02979
0.01958
0.03104
0.02571
0.00720
0.03785
0.02660
0.00641
0.00643
0.01518
0.03158
0.02055
0.00906
0.00956
0.02802
0.01822
0.02385
0.01540
0.01307
0.01993
0.01914
0.03956
0.03409
0.01672
0.01641
0.03192
0.00960
0.02757
0.03559
0.02661
0.02557
0.01982
0.02489
0.01089
0.02526
0.01090
0.01586
0.01973
0.01750
0.02046
0.01156
